Frequency BlockFrequency Runs LongRunOfOnes Rank DiscreteFourierTransform OvTemplMatch Maurers LinCompl Serial ApproxEnt CumulativeSums RndExc RndExcVar all_tests_above_alpha
0.000000 0.000000 0.000000 0.000000 0.160963 0.000000 0.000000 0.000000 0.361994 0.000000 0.000000 0.000000 *** *** 0

# AlphaSums normalized
0.000000 0.000000 0.000000 0.000000 0.010000 0.000000 0.000000 0.000000 0.010000 0.000000 0.000000 0.000000 0.000000 0.000000 0.000000

# Histograms
0.010000 0.010000 0.010000 0.010000 0.000000 0.010000 0.010000 0.010000 0.000000 0.010000 0.010000 0.010000 0.000000 0.000000 
0.000000 0.000000 0.000000 0.000000 0.010000 0.000000 0.000000 0.000000 0.000000 0.000000 0.000000 0.000000 0.000000 0.000000 
0.000000 0.000000 0.000000 0.000000 0.000000 0.000000 0.000000 0.000000 0.000000 0.000000 0.000000 0.000000 0.000000 0.000000 
0.000000 0.000000 0.000000 0.000000 0.000000 0.000000 0.000000 0.000000 0.010000 0.000000 0.000000 0.000000 0.000000 0.000000 
0.000000 0.000000 0.000000 0.000000 0.000000 0.000000 0.000000 0.000000 0.000000 0.000000 0.000000 0.000000 0.000000 0.000000 
0.000000 0.000000 0.000000 0.000000 0.000000 0.000000 0.000000 0.000000 0.000000 0.000000 0.000000 0.000000 0.000000 0.000000 
0.000000 0.000000 0.000000 0.000000 0.000000 0.000000 0.000000 0.000000 0.000000 0.000000 0.000000 0.000000 0.000000 0.000000 
0.000000 0.000000 0.000000 0.000000 0.000000 0.000000 0.000000 0.000000 0.000000 0.000000 0.000000 0.000000 0.000000 0.000000 
0.000000 0.000000 0.000000 0.000000 0.000000 0.000000 0.000000 0.000000 0.000000 0.000000 0.000000 0.000000 0.000000 0.000000 
0.000000 0.000000 0.000000 0.000000 0.000000 0.000000 0.000000 0.000000 0.000000 0.000000 0.000000 0.000000 0.000000 0.000000 
